182979
182976
182993
183034
183027
184016
182995
183040
182988
183018
182996
184017
183007
183025
182986
183033
182977
184019
184018
184020
183012
182987
183038
183004
183019
183960
184021
183028
183009
183000
183001
183024
182992
182994
184023
184022
183021
183037
183026
182985
183015
184025
183011
183014
182983
183023
182989
183039
183030
184024
182984
182981
183005
183016
182999
183022
183006
184026
183032
183002
182991
183029
182998
184027
183020
182997
183036
183003
182980
184031
184029
184028
184030
