180424
176009
176004
178393
176003
183404
178399
176007
178394
178389
176002
176002
183405
178388
178392
183406
175999
178398
176008
178390
176000
183403
175998
178397
184547
182410
182407
184237
183441
180081
180019
178971
182405
182408
180004
183440
174299
182413
179526
182401
182404
182409
175917
178354
178370
178359
175894
175889
175910
175905
175901
178364
178366
175899
175913
178378
178382
178375
178442
181816
184568
182349
178414
183437
179559
183443
178448
175921
178381
182406
179543
179609
177851
175914
178360
178384
178371
178367
175900
178379
178365
175902
175906
175911
175895
178376
178356
175891
175919
177866
183446
175888
182402
183439
184549
178353
180261
178447
179495
182403
183449
177846
183447
184311
180313
174311
183448
184546
178386
179578
177861
175915
175896
175907
175897
178362
175903
178357
178372
178368
178373
175908
178380
178361
175892
178385
175920
177856
179569
181333
175922
184574
178387
175890
178355
175898
175912
178377
178363
175887
178352
175904
178374
175909
178358
178383
175893
178369
175918
182412
183438
181335
182411
183445
175916
184548