179324
179331
179326
179322
179325
179328
179330
179340
179339
179337
179338
179335
179342
179336
179350
179344
179346
179347
179349
179343
179348
179345
179355
179351
179354
179352
179356
179353
178818
178817
178813
178827
178830
178825
178819
178834
178815
178833
178812
178814
178832
178821
178828
178826
178822
178831
178820
178816
178829
178824
178823
178709
178698
178692
178704
178696
178713
178708
178700
178694
178691
178697
178706
178695
178710
178715
178705
178707
182305
178703
178693
178699
178712
178702
178711
178701
178714
178756
178753
178770
178773
178760
178762
178759
178775
178763
178767
178771
178752
178933
178931
178929
178934
178930
178932
178928
178755
178761
178754
178769
178774
178757
178764
178844
178846
178848
178853
178835
178836
178854
178843
178849
178837
178855
178845
178859
178851
178852
178838
178850
178847
178841
178842
178856
178861
178840
178860
178858
178857
178839
178862
180115
180109
180103
180100
180097
180101
180116
180110
180095
180104
180111
180102
180118
180112
180117
180107
180106
180105
180113
180108
180114
180119
180096
180098
180099
180123
178871
178799
178803
178866
178810
178800
178795
178869
178793
178808
178806
178798
178865
178801
178794
178789
178864
178807
178863
178805
178809
178870
178796
178792
178811
178804
178867
178868
178872
178802
178797
178731
178734
178732
178730
178735
178736
178733
178738
178742
178740
178741
178739
178737
178772
178745
178748
178744
178749
178743
178750
178751
178779
178778
178781
178777
178783
178782
178780